<?xml version="1.0" encoding="UTF-8" standalone="no"?>
<GDTF DataVersion="1.1">
  <FixtureType CanHaveChildren="Yes" Description="Spiider, a superbright next generation of LED WashBeam luminaires, using 18 x 40 Watt and 1 x 60 Watt LEDs and combining it with a very efficient 12,5 :1 zoom optical system ranging from tight 4° Beam to wide 50° Wash, makes the product in its class the most powerful LED fixture on the market. Now equipped with Robe's innovative lens coating technology which brings benefits such as  bright and clear lenses, no scratches or marks, higher light output  and longer intervals between cleaning. " FixtureTypeID="FF00403F-EEDC-4E89-8FF2-CD5976365896" LongName="Robin Spiider" Manufacturer="Robe Lighting" Name="Robin Spiider" RefFT="" ShortName="Spiider" Thumbnail="thumbnail">
    <Geometries>
      <Geometry Model="base" Name="base PRGBW" Position="{1.000000,0.000000,0.000000,0.000000}{0.000000,1.000000,0.000000,0.000000}{0.000000,0.000000,1.000000,0.000000}{0,0,0,1}">
        <Geometry Model="yoke" Name="yoke PRGBW" Position="{1.000000,0.000000,0.000000,0.000000}{0.000000,1.000000,0.000000,0.000000}{0.000000,0.000000,1.000000,-0.077370}{0,0,0,1}">
          <Geometry Model="head" Name="head PRGBW" Position="{1.000000,0.000000,0.000000,0.000000}{0.000000,1.000000,0.000000,0.000000}{0.000000,0.000000,1.000000,-0.251200}{0,0,0,1}">
            <Geometry Model="ring" Name="background PRGBW" Position="{0.981627,0.190809,0.000000,0.000000}{-0.190809,0.981627,0.000000,0.000000}{0.000000,0.000000,1.000000,-0.106500}{0,0,0,1}">
              <Geometry Model="ring" Name="pattern PRGBW" Position="{0.981627,0.190809,0.000000,0.000000}{-0.190809,0.981627,0.000000,0.000000}{0.000000,0.000000,1.000000,0.000000}{0,0,0,1}">
                <GeometryReference Geometry="lens3" Model="lens3" Name="outer 12 PRGBW" Position="{0.965926,-0.258819,0.000000,0.027000}{0.258819,0.965926,0.000000,0.100000}{0.000000,0.000000,1.000000,-0.001000}{0,0,0,1}">
                  <Break DMXBreak="1" DMXOffset="45"/>
                </GeometryReference>
                <GeometryReference Geometry="lens3" Model="lens3" Name="outer 11 PRGBW" Position="{0.707107,-0.707107,0.000000,0.073175}{0.707107,0.707107,0.000000,0.073425}{0.000000,0.000000,1.000000,-0.001000}{0,0,0,1}">
                  <Break DMXBreak="1" DMXOffset="41"/>
                </GeometryReference>
                <GeometryReference Geometry="lens3" Model="lens3" Name="outer 10 PRGBW" Position="{0.258819,-0.965926,0.000000,0.100100}{0.965926,0.258819,0.000000,0.027000}{0.000000,0.000000,1.000000,-0.001000}{0,0,0,1}">
                  <Break DMXBreak="1" DMXOffset="37"/>
                </GeometryReference>
                <GeometryReference Geometry="lens3" Model="lens3" Name="outer 9 PRGBW" Position="{-0.258819,-0.965926,0.000000,0.100100}{0.965926,-0.258819,0.000000,-0.027000}{0.000000,0.000000,1.000000,-0.001000}{0,0,0,1}">
                  <Break DMXBreak="1" DMXOffset="33"/>
                </GeometryReference>
                <GeometryReference Geometry="lens3" Model="lens3" Name="outer 8 PRGBW" Position="{-0.707107,-0.707107,0.000000,0.073100}{0.707107,-0.707107,0.000000,-0.073500}{0.000000,0.000000,1.000000,-0.001000}{0,0,0,1}">
                  <Break DMXBreak="1" DMXOffset="29"/>
                </GeometryReference>
                <GeometryReference Geometry="lens3" Model="lens3" Name="outer 7 PRGBW" Position="{-0.965926,-0.258819,0.000000,0.026600}{0.258819,-0.965926,0.000000,-0.100200}{0.000000,0.000000,1.000000,-0.001000}{0,0,0,1}">
                  <Break DMXBreak="1" DMXOffset="25"/>
                </GeometryReference>
                <GeometryReference Geometry="lens3" Model="lens3" Name="outer 6 PRGBW" Position="{-0.965926,0.258819,0.000000,-0.027000}{-0.258819,-0.965926,0.000000,-0.100100}{0.000000,0.000000,1.000000,-0.001000}{0,0,0,1}">
                  <Break DMXBreak="1" DMXOffset="21"/>
                </GeometryReference>
                <GeometryReference Geometry="lens3" Model="lens3" Name="outer 5 PRGBW" Position="{-0.707107,0.707107,0.000000,-0.073400}{-0.707107,-0.707107,0.000000,-0.073300}{0.000000,0.000000,1.000000,-0.001000}{0,0,0,1}">
                  <Break DMXBreak="1" DMXOffset="17"/>
                </GeometryReference>
                <GeometryReference Geometry="lens3" Model="lens3" Name="outer 4 PRGBW" Position="{-0.258819,0.965926,0.000000,-0.100200}{-0.965926,-0.258819,0.000000,-0.026600}{0.000000,0.000000,1.000000,-0.001000}{0,0,0,1}">
                  <Break DMXBreak="1" DMXOffset="13"/>
                </GeometryReference>
                <GeometryReference Geometry="lens3" Model="lens3" Name="outer 3 PRGBW" Position="{0.258819,0.965926,0.000000,-0.100100}{-0.965926,0.258819,0.000000,0.027000}{0.000000,0.000000,1.000000,-0.001000}{0,0,0,1}">
                  <Break DMXBreak="1" DMXOffset="9"/>
                </GeometryReference>
                <GeometryReference Geometry="lens3" Model="lens3" Name="outer 2 PRGBW" Position="{0.707107,0.707107,0.000000,-0.073100}{-0.707107,0.707107,0.000000,0.073500}{0.000000,0.000000,1.000000,-0.001000}{0,0,0,1}">
                  <Break DMXBreak="1" DMXOffset="5"/>
                </GeometryReference>
                <GeometryReference Geometry="lens3" Model="lens3" Name="outer1 PRGBW" Position="{0.965926,0.258819,0.000000,-0.026571}{-0.258819,0.965926,0.000000,0.100225}{0.000000,0.000000,1.000000,-0.001000}{0,0,0,1}">
                  <Break DMXBreak="1" DMXOffset="1"/>
                </GeometryReference>
                <GeometryReference Geometry="lens2" Model="lens2" Name="ring 6 PRGBW" Position="{0.500000,-0.866025,0.000000,0.047190}{0.866025,0.500000,0.000000,0.027240}{0.000000,0.000000,1.000000,-0.001000}{0,0,0,1}">
                  <Break DMXBreak="1" DMXOffset="21"/>
                </GeometryReference>
                <GeometryReference Geometry="lens2" Model="lens2" Name="ring 5 PRGBW" Position="{-0.500000,-0.866025,0.000000,0.047190}{0.866025,-0.500000,0.000000,-0.027240}{0.000000,0.000000,1.000000,-0.001000}{0,0,0,1}">
                  <Break DMXBreak="1" DMXOffset="17"/>
                </GeometryReference>
                <GeometryReference Geometry="lens2" Model="lens2" Name="ring 4 PRGBW" Position="{-1.000000,0.000000,0.000000,0.000000}{0.000000,-1.000000,0.000000,-0.054500}{0.000000,0.000000,1.000000,-0.001000}{0,0,0,1}">
                  <Break DMXBreak="1" DMXOffset="13"/>
                </GeometryReference>
                <GeometryReference Geometry="lens2" Model="lens2" Name="ring 3 PRGBW" Position="{-0.500000,0.866025,0.000000,-0.047190}{-0.866025,-0.500000,0.000000,-0.027240}{0.000000,0.000000,1.000000,-0.001000}{0,0,0,1}">
                  <Break DMXBreak="1" DMXOffset="9"/>
                </GeometryReference>
                <GeometryReference Geometry="lens2" Model="lens2" Name="ring 2 PRGBW" Position="{0.500000,0.866025,0.000000,-0.047190}{-0.866025,0.500000,0.000000,0.027240}{0.000000,0.000000,1.000000,-0.001000}{0,0,0,1}">
                  <Break DMXBreak="1" DMXOffset="5"/>
                </GeometryReference>
                <GeometryReference Geometry="lens2" Model="lens2" Name="ring1 PRGBW" Position="{1.000000,0.000000,0.000000,0.000000}{0.000000,1.000000,0.000000,0.054500}{0.000000,0.000000,1.000000,-0.001000}{0,0,0,1}">
                  <Break DMXBreak="1" DMXOffset="1"/>
                </GeometryReference>
                <GeometryReference Geometry="lens1" Model="lens1" Name="center PRGBW" Position="{1.000000,0.000000,0.000000,0.000000}{0.000000,1.000000,0.000000,0.000000}{0.000000,0.000000,1.000000,-0.001000}{0,0,0,1}">
                  <Break DMXBreak="1" DMXOffset="1"/>
                </GeometryReference>
              </Geometry>
            </Geometry>
            <GeometryReference Geometry="lens1 flower" Model="lens1" Name="center flower PRGBW" Position="{1.000000,0.000000,0.000000,0.000000}{0.000000,1.000000,0.000000,0.000000}{0.000000,0.000000,1.000000,0.000000}{0,0,0,1}">
              <Break DMXBreak="1" DMXOffset="1"/>
            </GeometryReference>
          </Geometry>
        </Geometry>
        <Geometry Model="pigtail 1" Name="pigtail PRGBW" Position="{1.000000,0.000000,0.000000,0.000000}{0.000000,1.000000,0.000000,0.127500}{0.000000,0.000000,1.000000,-0.047900}{0,0,0,1}"/>
      </Geometry>
      <Geometry Model="base" Name="base PRGB" Position="{1.000000,0.000000,0.000000,0.000000}{0.000000,1.000000,0.000000,0.000000}{0.000000,0.000000,1.000000,0.000000}{0,0,0,1}">
        <Geometry Model="yoke" Name="yoke PRGB" Position="{1.000000,0.000000,0.000000,0.000000}{0.000000,1.000000,0.000000,0.000000}{0.000000,0.000000,1.000000,-0.077370}{0,0,0,1}">
          <Geometry Model="head" Name="head PRGB" Position="{1.000000,0.000000,0.000000,0.000000}{0.000000,1.000000,0.000000,0.000000}{0.000000,0.000000,1.000000,-0.251200}{0,0,0,1}">
            <Geometry Model="ring" Name="background PRGB" Position="{0.981627,0.190809,0.000000,0.000000}{-0.190809,0.981627,0.000000,0.000000}{0.000000,0.000000,1.000000,-0.106500}{0,0,0,1}">
              <Geometry Model="ring" Name="pattern PRGB" Position="{0.981627,0.190809,0.000000,0.000000}{-0.190809,0.981627,0.000000,0.000000}{0.000000,0.000000,1.000000,0.000000}{0,0,0,1}">
                <GeometryReference Geometry="lens1 flower" Model="lens1" Name="center flower PRGB" Position="{1.000000,0.000000,0.000000,0.000000}{0.000000,1.000000,0.000000,0.000000}{0.000000,0.000000,1.000000,0.000000}{0,0,0,1}">
                  <Break DMXBreak="1" DMXOffset="1"/>
                </GeometryReference>
                <GeometryReference Geometry="lens1" Model="lens1" Name="center PRGB" Position="{1.000000,0.000000,0.000000,0.000000}{0.000000,1.000000,0.000000,0.000000}{0.000000,0.000000,1.000000,-0.001000}{0,0,0,1}">
                  <Break DMXBreak="1" DMXOffset="1"/>
                </GeometryReference>
                <GeometryReference Geometry="lens2" Model="lens2" Name="ring 1 PRGB" Position="{1.000000,0.000000,0.000000,0.000000}{0.000000,1.000000,0.000000,0.054500}{0.000000,0.000000,1.000000,-0.001000}{0,0,0,1}">
                  <Break DMXBreak="1" DMXOffset="1"/>
                </GeometryReference>
                <GeometryReference Geometry="lens2" Model="lens2" Name="ring 2 PRGB" Position="{0.500000,0.866025,0.000000,-0.047190}{-0.866025,0.500000,0.000000,0.027240}{0.000000,0.000000,1.000000,-0.001000}{0,0,0,1}">
                  <Break DMXBreak="1" DMXOffset="4"/>
                </GeometryReference>
                <GeometryReference Geometry="lens2" Model="lens2" Name="ring 3 PRGB" Position="{-0.500000,0.866025,0.000000,-0.047190}{-0.866025,-0.500000,0.000000,-0.027240}{0.000000,0.000000,1.000000,-0.001000}{0,0,0,1}">
                  <Break DMXBreak="1" DMXOffset="7"/>
                </GeometryReference>
                <GeometryReference Geometry="lens2" Model="lens2" Name="ring 4 PRGB" Position="{-1.000000,0.000000,0.000000,0.000000}{0.000000,-1.000000,0.000000,-0.054500}{0.000000,0.000000,1.000000,-0.001000}{0,0,0,1}">
                  <Break DMXBreak="1" DMXOffset="10"/>
                </GeometryReference>
                <GeometryReference Geometry="lens2" Model="lens2" Name="ring 5 PRGB" Position="{-0.500000,-0.866025,0.000000,0.047190}{0.866025,-0.500000,0.000000,-0.027240}{0.000000,0.000000,1.000000,-0.001000}{0,0,0,1}">
                  <Break DMXBreak="1" DMXOffset="13"/>
                </GeometryReference>
                <GeometryReference Geometry="lens2" Model="lens2" Name="ring 6 PRGB" Position="{0.500000,-0.866025,0.000000,0.047190}{0.866025,0.500000,0.000000,0.027240}{0.000000,0.000000,1.000000,-0.001000}{0,0,0,1}">
                  <Break DMXBreak="1" DMXOffset="16"/>
                </GeometryReference>
                <GeometryReference Geometry="lens3" Model="lens3" Name="outer 1 PRGB" Position="{0.965926,0.258819,0.000000,-0.026571}{-0.258819,0.965926,0.000000,0.100225}{0.000000,0.000000,1.000000,-0.001000}{0,0,0,1}">
                  <Break DMXBreak="1" DMXOffset="1"/>
                </GeometryReference>
                <GeometryReference Geometry="lens3" Model="lens3" Name="outer 2 PRGB" Position="{0.707107,0.707107,0.000000,-0.073100}{-0.707107,0.707107,0.000000,0.073500}{0.000000,0.000000,1.000000,-0.001000}{0,0,0,1}">
                  <Break DMXBreak="1" DMXOffset="4"/>
                </GeometryReference>
                <GeometryReference Geometry="lens3" Model="lens3" Name="outer 3 PRGB" Position="{0.258819,0.965926,0.000000,-0.100100}{-0.965926,0.258819,0.000000,0.027000}{0.000000,0.000000,1.000000,-0.001000}{0,0,0,1}">
                  <Break DMXBreak="1" DMXOffset="7"/>
                </GeometryReference>
                <GeometryReference Geometry="lens3" Model="lens3" Name="outer 4 PRGB" Position="{-0.258819,0.965926,0.000000,-0.100200}{-0.965926,-0.258819,0.000000,-0.026600}{0.000000,0.000000,1.000000,-0.001000}{0,0,0,1}">
                  <Break DMXBreak="1" DMXOffset="10"/>
                </GeometryReference>
                <GeometryReference Geometry="lens3" Model="lens3" Name="outer 5 PRGB" Position="{-0.707107,0.707107,0.000000,-0.073400}{-0.707107,-0.707107,0.000000,-0.073300}{0.000000,0.000000,1.000000,-0.001000}{0,0,0,1}">
                  <Break DMXBreak="1" DMXOffset="13"/>
                </GeometryReference>
                <GeometryReference Geometry="lens3" Model="lens3" Name="outer 6 PRGB" Position="{-0.965926,0.258819,0.000000,-0.027000}{-0.258819,-0.965926,0.000000,-0.100100}{0.000000,0.000000,1.000000,-0.001000}{0,0,0,1}">
                  <Break DMXBreak="1" DMXOffset="16"/>
                </GeometryReference>
                <GeometryReference Geometry="lens3" Model="lens3" Name="outer 7 PRGB" Position="{-0.965926,-0.258819,0.000000,0.026600}{0.258819,-0.965926,0.000000,-0.100200}{0.000000,0.000000,1.000000,-0.001000}{0,0,0,1}">
                  <Break DMXBreak="1" DMXOffset="19"/>
                </GeometryReference>
                <GeometryReference Geometry="lens3" Model="lens3" Name="outer 8 PRGB" Position="{-0.707107,-0.707107,0.000000,0.073100}{0.707107,-0.707107,0.000000,-0.073500}{0.000000,0.000000,1.000000,-0.001000}{0,0,0,1}">
                  <Break DMXBreak="1" DMXOffset="22"/>
                </GeometryReference>
                <GeometryReference Geometry="lens3" Model="lens3" Name="outer 9 PRGB" Position="{-0.258819,-0.965926,0.000000,0.100100}{0.965926,-0.258819,0.000000,-0.027000}{0.000000,0.000000,1.000000,-0.001000}{0,0,0,1}">
                  <Break DMXBreak="1" DMXOffset="25"/>
                </GeometryReference>
                <GeometryReference Geometry="lens3" Model="lens3" Name="outer 10 PRGB" Position="{0.258819,-0.965926,0.000000,0.100100}{0.965926,0.258819,0.000000,0.027000}{0.000000,0.000000,1.000000,-0.001000}{0,0,0,1}">
                  <Break DMXBreak="1" DMXOffset="28"/>
                </GeometryReference>
                <GeometryReference Geometry="lens3" Model="lens3" Name="outer 11 PRGB" Position="{0.707107,-0.707107,0.000000,0.073175}{0.707107,0.707107,0.000000,0.073425}{0.000000,0.000000,1.000000,-0.001000}{0,0,0,1}">
                  <Break DMXBreak="1" DMXOffset="31"/>
                </GeometryReference>
                <GeometryReference Geometry="lens3" Model="lens3" Name="outer 12 PRGB" Position="{0.965926,-0.258819,0.000000,0.027000}{0.258819,0.965926,0.000000,0.100000}{0.000000,0.000000,1.000000,-0.001000}{0,0,0,1}">
                  <Break DMXBreak="1" DMXOffset="34"/>
                </GeometryReference>
              </Geometry>
            </Geometry>
          </Geometry>
        </Geometry>
        <Geometry Model="pigtail" Name="pigtail PRGB" Position="{1.000000,0.000000,0.000000,0.000000}{0.000000,1.000000,0.000000,0.127460}{0.000000,0.000000,1.000000,-0.047893}{0,0,0,1}"/>
      </Geometry>
      <Geometry Model="base" Name="base RGB" Position="{1.000000,0.000000,0.000000,0.000000}{0.000000,1.000000,0.000000,0.000000}{0.000000,0.000000,1.000000,0.000000}{0,0,0,1}">
        <Geometry Model="yoke" Name="yoke RGB" Position="{1.000000,0.000000,0.000000,0.000000}{0.000000,1.000000,0.000000,0.000000}{0.000000,0.000000,1.000000,-0.077370}{0,0,0,1}">
          <Geometry Model="head" Name="head RGB" Position="{1.000000,0.000000,0.000000,0.000000}{0.000000,1.000000,0.000000,0.000000}{0.000000,0.000000,1.000000,-0.251200}{0,0,0,1}">
            <Geometry Model="ring" Name="allzones RGB" Position="{0.981627,0.190809,0.000000,0.000000}{-0.190809,0.981627,0.000000,0.000000}{0.000000,0.000000,1.000000,-0.106500}{0,0,0,1}">
              <Geometry Model="zone1" Name="zone 1" Position="{1.000000,0.000000,0.000000,0.000000}{0.000000,1.000000,0.000000,0.000000}{0.000000,0.000000,1.000000,0.000000}{0,0,0,1}">
                <GeometryReference Geometry="lens1" Model="lens1" Name="center RGB" Position="{1.000000,0.000000,0.000000,0.000000}{0.000000,1.000000,0.000000,0.000000}{0.000000,0.000000,1.000000,-0.001000}{0,0,0,1}">
                  <Break DMXBreak="1" DMXOffset="1"/>
                </GeometryReference>
              </Geometry>
              <Geometry Model="zone2" Name="zone 2" Position="{1.000000,0.000000,0.000000,0.000000}{0.000000,1.000000,0.000000,0.000000}{0.000000,0.000000,1.000000,0.000000}{0,0,0,1}">
                <GeometryReference Geometry="lens2" Model="lens2" Name="ring 1 RGB" Position="{1.000000,0.000000,0.000000,0.000000}{0.000000,1.000000,0.000000,0.054500}{0.000000,0.000000,1.000000,-0.001000}{0,0,0,1}">
                  <Break DMXBreak="1" DMXOffset="1"/>
                </GeometryReference>
                <GeometryReference Geometry="lens2" Model="lens2" Name="ring 2 RGB" Position="{0.500000,0.866025,0.000000,-0.047190}{-0.866025,0.500000,0.000000,0.027240}{0.000000,0.000000,1.000000,-0.001000}{0,0,0,1}">
                  <Break DMXBreak="1" DMXOffset="4"/>
                </GeometryReference>
                <GeometryReference Geometry="lens2" Model="lens2" Name="ring 3 RGB" Position="{-0.500000,0.866025,0.000000,-0.047190}{-0.866025,-0.500000,0.000000,-0.027240}{0.000000,0.000000,1.000000,-0.001000}{0,0,0,1}">
                  <Break DMXBreak="1" DMXOffset="7"/>
                </GeometryReference>
                <GeometryReference Geometry="lens2" Model="lens2" Name="ring 4 RGB" Position="{-1.000000,0.000000,0.000000,0.000000}{0.000000,-1.000000,0.000000,-0.054500}{0.000000,0.000000,1.000000,-0.001000}{0,0,0,1}">
                  <Break DMXBreak="1" DMXOffset="10"/>
                </GeometryReference>
                <GeometryReference Geometry="lens2" Model="lens2" Name="ring 5 RGB" Position="{-0.500000,-0.866025,0.000000,0.047190}{0.866025,-0.500000,0.000000,-0.027240}{0.000000,0.000000,1.000000,-0.001000}{0,0,0,1}">
                  <Break DMXBreak="1" DMXOffset="13"/>
                </GeometryReference>
                <GeometryReference Geometry="lens2" Model="lens2" Name="ring 6 RGB" Position="{0.500000,-0.866025,0.000000,0.047190}{0.866025,0.500000,0.000000,0.027240}{0.000000,0.000000,1.000000,-0.001000}{0,0,0,1}">
                  <Break DMXBreak="1" DMXOffset="16"/>
                </GeometryReference>
              </Geometry>
              <Geometry Model="zone3" Name="zone 3" Position="{1.000000,0.000000,0.000000,0.000000}{0.000000,1.000000,0.000000,0.000000}{0.000000,0.000000,1.000000,0.000000}{0,0,0,1}">
                <GeometryReference Geometry="lens3" Model="lens3" Name="outer 1 RGB" Position="{0.965926,0.258819,0.000000,-0.026571}{-0.258819,0.965926,0.000000,0.100225}{0.000000,0.000000,1.000000,-0.001000}{0,0,0,1}">
                  <Break DMXBreak="1" DMXOffset="1"/>
                </GeometryReference>
                <GeometryReference Geometry="lens3" Model="lens3" Name="outer 2 RGB" Position="{0.707107,0.707107,0.000000,-0.073100}{-0.707107,0.707107,0.000000,0.073500}{0.000000,0.000000,1.000000,-0.001000}{0,0,0,1}">
                  <Break DMXBreak="1" DMXOffset="4"/>
                </GeometryReference>
                <GeometryReference Geometry="lens3" Model="lens3" Name="outer 3 RGB" Position="{0.258819,0.965926,0.000000,-0.100100}{-0.965926,0.258819,0.000000,0.027000}{0.000000,0.000000,1.000000,-0.001000}{0,0,0,1}">
                  <Break DMXBreak="1" DMXOffset="7"/>
                </GeometryReference>
                <GeometryReference Geometry="lens3" Model="lens3" Name="outer 4 RGB" Position="{-0.258819,0.965926,0.000000,-0.100200}{-0.965926,-0.258819,0.000000,-0.026600}{0.000000,0.000000,1.000000,-0.001000}{0,0,0,1}">
                  <Break DMXBreak="1" DMXOffset="10"/>
                </GeometryReference>
                <GeometryReference Geometry="lens3" Model="lens3" Name="outer 5 RGB" Position="{-0.707107,0.707107,0.000000,-0.073400}{-0.707107,-0.707107,0.000000,-0.073300}{0.000000,0.000000,1.000000,-0.001000}{0,0,0,1}">
                  <Break DMXBreak="1" DMXOffset="13"/>
                </GeometryReference>
                <GeometryReference Geometry="lens3" Model="lens3" Name="outer 6 RGB" Position="{-0.965926,0.258819,0.000000,-0.027000}{-0.258819,-0.965926,0.000000,-0.100100}{0.000000,0.000000,1.000000,-0.001000}{0,0,0,1}">
                  <Break DMXBreak="1" DMXOffset="16"/>
                </GeometryReference>
                <GeometryReference Geometry="lens3" Model="lens3" Name="outer 7 RGB" Position="{-0.965926,-0.258819,0.000000,0.026600}{0.258819,-0.965926,0.000000,-0.100200}{0.000000,0.000000,1.000000,-0.001000}{0,0,0,1}">
                  <Break DMXBreak="1" DMXOffset="19"/>
                </GeometryReference>
                <GeometryReference Geometry="lens3" Model="lens3" Name="outer 8 RGB" Position="{-0.707107,-0.707107,0.000000,0.073100}{0.707107,-0.707107,0.000000,-0.073500}{0.000000,0.000000,1.000000,-0.001000}{0,0,0,1}">
                  <Break DMXBreak="1" DMXOffset="22"/>
                </GeometryReference>
                <GeometryReference Geometry="lens3" Model="lens3" Name="outer 9 RGB" Position="{-0.258819,-0.965926,0.000000,0.100100}{0.965926,-0.258819,0.000000,-0.027000}{0.000000,0.000000,1.000000,-0.001000}{0,0,0,1}">
                  <Break DMXBreak="1" DMXOffset="25"/>
                </GeometryReference>
                <GeometryReference Geometry="lens3" Model="lens3" Name="outer 10 RGB" Position="{0.258819,-0.965926,0.000000,0.100100}{0.965926,0.258819,0.000000,0.027000}{0.000000,0.000000,1.000000,-0.001000}{0,0,0,1}">
                  <Break DMXBreak="1" DMXOffset="28"/>
                </GeometryReference>
                <GeometryReference Geometry="lens3" Model="lens3" Name="outer 11 RGB" Position="{0.707107,-0.707107,0.000000,0.073175}{0.707107,0.707107,0.000000,0.073425}{0.000000,0.000000,1.000000,-0.001000}{0,0,0,1}">
                  <Break DMXBreak="1" DMXOffset="31"/>
                </GeometryReference>
                <GeometryReference Geometry="lens3" Model="lens3" Name="outer 12 RGB" Position="{0.965926,-0.258819,0.000000,0.027000}{0.258819,0.965926,0.000000,0.100000}{0.000000,0.000000,1.000000,-0.001000}{0,0,0,1}">
                  <Break DMXBreak="1" DMXOffset="34"/>
                </GeometryReference>
              </Geometry>
            </Geometry>
            <Geometry Model="zone1" Name="flower" Position="{0.981627,0.190809,0.000000,0.000000}{-0.190809,0.981627,0.000000,0.000000}{0.000000,0.000000,1.000000,-0.106500}{0,0,0,1}">
              <GeometryReference Geometry="lens1 flower" Model="lens1" Name="center flower PRGB 1" Position="{1.000000,0.000000,0.000000,0.000000}{0.000000,1.000000,0.000000,0.000000}{0.000000,0.000000,1.000000,0.000000}{0,0,0,1}">
                <Break DMXBreak="1" DMXOffset="1"/>
              </GeometryReference>
            </Geometry>
          </Geometry>
        </Geometry>
        <Geometry Model="pigtail" Name="pigtail RGB" Position="{1.000000,0.000000,0.000000,0.000000}{0.000000,1.000000,0.000000,0.127460}{0.000000,0.000000,1.000000,-0.047893}{0,0,0,1}"/>
      </Geometry>
      <Beam BeamAngle="25.000000" BeamRadius="0.050000" BeamType="Wash" ColorRenderingIndex="100" ColorTemperature="8000.000000" FieldAngle="25.000000" LampType="LED" LuminousFlux="579.000000" Model="lens1" Name="lens1" Position="{1.000000,0.000000,0.000000,0.000000}{0.000000,1.000000,0.000000,0.000000}{0.000000,0.000000,1.000000,0.000000}{0,0,0,1}" PowerConsumption="40.000000" RectangleRatio="1.777700" ThrowRatio="1.000000"/>
      <Beam BeamAngle="25.000000" BeamRadius="0.050000" BeamType="Wash" ColorRenderingIndex="100" ColorTemperature="8000.000000" FieldAngle="25.000000" LampType="LED" LuminousFlux="579.000000" Model="lens1" Name="lens1 flower" Position="{1.000000,0.000000,0.000000,0.000000}{0.000000,1.000000,0.000000,0.000000}{0.000000,0.000000,1.000000,0.000000}{0,0,0,1}" PowerConsumption="40.000000" RectangleRatio="1.777700" ThrowRatio="1.000000"/>
      <Beam BeamAngle="25.000000" BeamRadius="0.050000" BeamType="Wash" ColorRenderingIndex="100" ColorTemperature="8000.000000" FieldAngle="25.000000" LampType="LED" LuminousFlux="579.000000" Model="lens2" Name="lens2" Position="{1.000000,0.000000,0.000000,0.000000}{0.000000,1.000000,0.000000,0.000000}{0.000000,0.000000,1.000000,0.000000}{0,0,0,1}" PowerConsumption="40.000000" RectangleRatio="1.777700" ThrowRatio="1.000000"/>
      <Beam BeamAngle="25.000000" BeamRadius="0.050000" BeamType="Wash" ColorRenderingIndex="100" ColorTemperature="8000.000000" FieldAngle="25.000000" LampType="LED" LuminousFlux="579.000000" Model="lens3" Name="lens3" Position="{1.000000,0.000000,0.000000,0.000000}{0.000000,1.000000,0.000000,0.000000}{0.000000,0.000000,1.000000,0.000000}{0,0,0,1}" PowerConsumption="40.000000" RectangleRatio="1.777700" ThrowRatio="1.000000"/>
    </Geometries>
    <DMXModes>
      <DMXMode Geometry="base PRGBW" Name="Mode 10 - Pattern full RGBW">
        <DMXChannels>
          <DMXChannel DMXBreak="1" Geometry="lens1" Highlight="None" InitialFunction="lens1_Dimmer.Dimmer.Pixel Dimmer" Offset="">
            <LogicalChannel Attribute="Dimmer" DMXChangeTimeLimit="0.000000" Master="Grand" MibFade="0.000000" Snap="No">
              <ChannelFunction Attribute="Dimmer" DMXFrom="0/4" Default="4294967295/4" Name="Pixel Dimmer" OriginalAttribute="" PhysicalFrom="0.000000" PhysicalTo="1.000000" RealAcceleration="0.000000" RealFade="0.000000">
                <ChannelSet DMXFrom="0/4" Name="Closed" WheelSlotIndex="0"/>
                <ChannelSet DMXFrom="1/4" Name="" WheelSlotIndex="0"/>
                <ChannelSet DMXFrom="4294967295/4" Name="Open" WheelSlotIndex="0"/>
              </ChannelFunction>
            </LogicalChannel>
          </DMXChannel>
          <DMXChannel DMXBreak="1" Geometry="lens2" Highlight="None" InitialFunction="lens2_Dimmer.Dimmer.Pixel Dimmer" Offset="">
            <LogicalChannel Attribute="Dimmer" DMXChangeTimeLimit="0.000000" Master="Grand" MibFade="0.000000" Snap="No">
              <ChannelFunction Attribute="Dimmer" DMXFrom="0/4" Default="4294967295/4" Name="Pixel Dimmer" OriginalAttribute="" PhysicalFrom="0.000000" PhysicalTo="1.000000" RealAcceleration="0.000000" RealFade="0.000000">
                <ChannelSet DMXFrom="0/4" Name="Closed" WheelSlotIndex="0"/>
                <ChannelSet DMXFrom="1/4" Name="" WheelSlotIndex="0"/>
                <ChannelSet DMXFrom="4294967295/4" Name="Open" WheelSlotIndex="0"/>
              </ChannelFunction>
            </LogicalChannel>
          </DMXChannel>
          <DMXChannel DMXBreak="1" Geometry="lens3" Highlight="None" InitialFunction="lens3_Dimmer.Dimmer.Pixel Dimmer" Offset="">
            <LogicalChannel Attribute="Dimmer" DMXChangeTimeLimit="0.000000" Master="Grand" MibFade="0.000000" Snap="No">
              <ChannelFunction Attribute="Dimmer" DMXFrom="0/4" Default="4294967295/4" Name="Pixel Dimmer" OriginalAttribute="" PhysicalFrom="0.000000" PhysicalTo="1.000000" RealAcceleration="0.000000" RealFade="0.000000">
                <ChannelSet DMXFrom="0/4" Name="Closed" WheelSlotIndex="0"/>
                <ChannelSet DMXFrom="1/4" Name="" WheelSlotIndex="0"/>
                <ChannelSet DMXFrom="4294967295/4" Name="Open" WheelSlotIndex="0"/>
              </ChannelFunction>
            </LogicalChannel>
          </DMXChannel>
          <DMXChannel DMXBreak="1" Geometry="yoke PRGBW" Highlight="None" InitialFunction="yoke PRGBW_Pan.Pan.Pan" Offset="1,2">
            <LogicalChannel Attribute="Pan" DMXChangeTimeLimit="0.000000" Master="None" MibFade="0.000000" Snap="No">
              <ChannelFunction Attribute="Pan" DMXFrom="0/2" Default="32768/2" Name="Pan" OriginalAttribute="" PhysicalFrom="-270.000000" PhysicalTo="270.000000" RealAcceleration="0.433300" RealFade="2.300000">
                <ChannelSet DMXFrom="0/2" Name="" WheelSlotIndex="0"/>
                <ChannelSet DMXFrom="32768/2" Name="Center" WheelSlotIndex="-2147483648"/>
                <ChannelSet DMXFrom="32769/2" Name="" WheelSlotIndex="0"/>
              </ChannelFunction>
            </LogicalChannel>
          </DMXChannel>
          <DMXChannel DMXBreak="1" Geometry="head PRGBW" Highlight="None" InitialFunction="head PRGBW_Tilt.Tilt.Tilt" Offset="3,4">
            <LogicalChannel Attribute="Tilt" DMXChangeTimeLimit="0.000000" Master="None" MibFade="0.000000" Snap="No">
              <ChannelFunction Attribute="Tilt" DMXFrom="0/2" Default="32768/2" Name="Tilt" OriginalAttribute="" PhysicalFrom="110.000000" PhysicalTo="-110.000000" RealAcceleration="0.433300" RealFade="1.234000">
                <ChannelSet DMXFrom="0/2" Name="" WheelSlotIndex="0"/>
                <ChannelSet DMXFrom="32768/2" Name="Center" WheelSlotIndex="-2147483648"/>
                <ChannelSet DMXFrom="32769/2" Name="" WheelSlotIndex="0"/>
              </ChannelFunction>
            </LogicalChannel>
          </DMXChannel>
          <DMXChannel DMXBreak="1" Geometry="base PRGBW" Highlight="None" InitialFunction="base PRGBW_PositionMSpeed.PositionMSpeed.PositionMSpeed" Offset="5">
            <LogicalChannel Attribute="PositionMSpeed" DMXChangeTimeLimit="0.000000" Master="None" MibFade="0.000000" Snap="No">
              <ChannelFunction Attribute="PositionMSpeed" DMXFrom="0/1" Default="0/1" Name="PositionMSpeed" OriginalAttribute="" PhysicalFrom="0.000000" PhysicalTo="1.000000" RealAcceleration="0.000000" RealFade="0.000000">
                <ChannelSet DMXFrom="0/1" Name="max" WheelSlotIndex="0"/>
                <ChannelSet DMXFrom="1/1" Name="" WheelSlotIndex="0"/>
                <ChannelSet DMXFrom="255/1" Name="min" WheelSlotIndex="0"/>
              </ChannelFunction>
            </LogicalChannel>
          </DMXChannel>
          <DMXChannel DMXBreak="1" Geometry="base PRGBW" Highlight="None" InitialFunction="base PRGBW_Control1.Control1.No function" Offset="6">
            <LogicalChannel Attribute="Control1" DMXChangeTimeLimit="0.000000" Master="None" MibFade="0.000000" Snap="No">
              <ChannelFunction Attribute="Control1" DMXFrom="0/1" Default="0/1" Name="No function" OriginalAttribute="" PhysicalFrom="0.000000" PhysicalTo="1.000000" RealAcceleration="0.000000" RealFade="0.000000">
                <ChannelSet DMXFrom="0/1" Name="No function" WheelSlotIndex="0"/>
                <ChannelSet DMXFrom="1/1" Name="" WheelSlotIndex="0"/>
              </ChannelFunction>
              <ChannelFunction Attribute="DMXInput" DMXFrom="10/1" Default="10/1" Name="DMXInput" OriginalAttribute="" PhysicalFrom="0.000000" PhysicalTo="1.000000" RealAcceleration="0.000000" RealFade="0.000000">
                <ChannelSet DMXFrom="10/1" Name="Wired DMX" PhysicalFrom="0.000000" PhysicalTo="1.000000" WheelSlotIndex="0"/>
                <ChannelSet DMXFrom="15/1" Name="Wireless DMX" PhysicalFrom="1.000000" PhysicalTo="1.000000" WheelSlotIndex="0"/>
              </ChannelFunction>
              <ChannelFunction Attribute="DisplayIntensity" DMXFrom="20/1" Default="20/1" Name="DisplayIntensity" OriginalAttribute="" PhysicalFrom="0.000000" PhysicalTo="1.000000" RealAcceleration="0.000000" RealFade="0.000000">
                <ChannelSet DMXFrom="20/1" Name="Display ON" PhysicalFrom="0.000000" PhysicalTo="0.000000" WheelSlotIndex="0"/>
                <ChannelSet DMXFrom="25/1" Name="Display OFF" PhysicalFrom="1.000000" PhysicalTo="1.000000" WheelSlotIndex="0"/>
              </ChannelFunction>
              <ChannelFunction Attribute="ColorMixMode" DMXFrom="30/1" Default="30/1" Name="ColorMixMode" OriginalAttribute="" PhysicalFrom="0.000000" PhysicalTo="1.000000" RealAcceleration="0.000000" RealFade="0.000000">
                <ChannelSet DMXFrom="30/1" Name="RGBW colour mixing mode" PhysicalFrom="0.000000" PhysicalTo="0.000000" WheelSlotIndex="0"/>
                <ChannelSet DMXFrom="35/1" Name="CMY colour mixing mode" PhysicalFrom="1.000000" PhysicalTo="1.000000" WheelSlotIndex="0"/>
              </ChannelFunction>
              <ChannelFunction Attribute="PositionModes" DMXFrom="40/1" Default="40/1" Name="PositionModes" OriginalAttribute="" PhysicalFrom="0.000000" PhysicalTo="1.000000" RealAcceleration="0.000000" RealFade="0.000000">
                <ChannelSet DMXFrom="40/1" Name="Tilt speed mode" PhysicalFrom="0.000000" PhysicalTo="0.000000" WheelSlotIndex="0"/>
                <ChannelSet DMXFrom="45/1" Name="Tilt time mode" PhysicalFrom="1.000000" PhysicalTo="1.000000" WheelSlotIndex="0"/>
              </ChannelFunction>
              <ChannelFunction Attribute="BlackoutMode" DMXFrom="50/1" Default="55/1" Name="BlackoutMode" OriginalAttribute="" PhysicalFrom="0.000000" PhysicalTo="1.000000" RealAcceleration="0.000000" RealFade="0.000000">
                <ChannelSet DMXFrom="50/1" Name="Blackout while tilt moving" PhysicalFrom="1.000000" PhysicalTo="1.000000" WheelSlotIndex="0"/>
                <ChannelSet DMXFrom="55/1" Name="Disabled blackout while tilt moving" PhysicalFrom="0.000000" PhysicalTo="0.000000" WheelSlotIndex="0"/>
              </ChannelFunction>
              <ChannelFunction Attribute="DimmerCurve" DMXFrom="60/1" Default="60/1" Name="DimmerCurve" OriginalAttribute="" PhysicalFrom="0.000000" PhysicalTo="1.000000" RealAcceleration="0.000000" RealFade="0.000000">
                <ChannelSet DMXFrom="60/1" Name="Dimmer curve Square law" PhysicalFrom="0.000000" PhysicalTo="0.000000" WheelSlotIndex="0"/>
                <ChannelSet DMXFrom="65/1" Name="Dimmer curve Linear" PhysicalFrom="1.000000" PhysicalTo="1.000000" WheelSlotIndex="0"/>
              </ChannelFunction>
              <ChannelFunction Attribute="FanMode" DMXFrom="70/1" Default="70/1" Name="FanMode" OriginalAttribute="" PhysicalFrom="0.000000" PhysicalTo="1.000000" RealAcceleration="0.000000" RealFade="0.000000">
                <ChannelSet DMXFrom="70/1" Name="Fans mode Auto" PhysicalFrom="0.000000" PhysicalTo="0.000000" WheelSlotIndex="0"/>
                <ChannelSet DMXFrom="75/1" Name="Fans mode High" PhysicalFrom="1.000000" PhysicalTo="1.000000" WheelSlotIndex="0"/>
              </ChannelFunction>
              <ChannelFunction Attribute="ColorCalibrationMode" DMXFrom="80/1" Default="80/1" Name="Whitepoint" OriginalAttribute="" PhysicalFrom="0.000000" PhysicalTo="1.000000" RealAcceleration="0.000000" RealFade="0.000000">
                <ChannelSet DMXFrom="80/1" Name="White point 8000K On" PhysicalFrom="0.000000" PhysicalTo="0.000000" WheelSlotIndex="0"/>
                <ChannelSet DMXFrom="85/1" Name="White point 8000K Off" PhysicalFrom="1.000000" PhysicalTo="1.000000" WheelSlotIndex="0"/>
              </ChannelFunction>
              <ChannelFunction Attribute="NoFeature" DMXFrom="90/1" Default="90/1" Name="Reserved 2" OriginalAttribute="" PhysicalFrom="0.000000" PhysicalTo="1.000000" RealAcceleration="0.000000" RealFade="0.000000"/>
              <ChannelFunction Attribute="Control1" DMXFrom="110/1" Default="115/1" Name="Kling-Net" OriginalAttribute="" PhysicalFrom="0.000000" PhysicalTo="1.000000" RealAcceleration="0.000000" RealFade="0.000000">
                <ChannelSet DMXFrom="110/1" Name="Kling-Net On" PhysicalFrom="1.000000" PhysicalTo="1.000000" WheelSlotIndex="0"/>
                <ChannelSet DMXFrom="115/1" Name="Kling-Net Off" PhysicalFrom="0.000000" PhysicalTo="0.000000" WheelSlotIndex="0"/>
              </ChannelFunction>
              <ChannelFunction Attribute="ParkingPosition" DMXFrom="120/1" Default="120/1" Name="ParkingPosition" OriginalAttribute="" PhysicalFrom="0.000000" PhysicalTo="1.000000" RealAcceleration="0.000000" RealFade="0.000000">
                <ChannelSet DMXFrom="120/1" Name="Parking position On" PhysicalFrom="1.000000" PhysicalTo="1.000000" WheelSlotIndex="0"/>
                <ChannelSet DMXFrom="125/1" Name="Parking position Off" PhysicalFrom="0.000000" PhysicalTo="0.000000" WheelSlotIndex="0"/>
              </ChannelFunction>
              <ChannelFunction Attribute="NonPositionReset" DMXFrom="130/1" Default="130/1" Name="NonPositionReset" OriginalAttribute="" PhysicalFrom="0.000000" PhysicalTo="1.000000" RealAcceleration="0.000000" RealFade="0.000000">
                <ChannelSet DMXFrom="130/1" Name="Fixture reset (except Tilt)" WheelSlotIndex="0"/>
              </ChannelFunction>
              <ChannelFunction Attribute="TiltReset" DMXFrom="140/1" Default="140/1" Name="TiltReset" OriginalAttribute="" PhysicalFrom="0.000000" PhysicalTo="1.000000" RealAcceleration="0.000000" RealFade="0.000000">
                <ChannelSet DMXFrom="140/1" Name="Tilt reset" WheelSlotIndex="0"/>
              </ChannelFunction>
              <ChannelFunction Attribute="ZoomReset" DMXFrom="150/1" Default="150/1" Name="ZoomReset" OriginalAttribute="" PhysicalFrom="0.000000" PhysicalTo="1.000000" RealAcceleration="0.000000" RealFade="0.000000">
                <ChannelSet DMXFrom="150/1" Name="Zoom reset" PhysicalFrom="0.000000" PhysicalTo="1.000000" WheelSlotIndex="0"/>
              </ChannelFunction>
              <ChannelFunction Attribute="EffectReset" DMXFrom="160/1" Default="160/1" Name="FlowerReset" OriginalAttribute="" PhysicalFrom="0.000000" PhysicalTo="1.000000" RealAcceleration="0.000000" RealFade="0.000000">
                <ChannelSet DMXFrom="160/1" Name="Flower effects reset" WheelSlotIndex="0"/>
              </ChannelFunction>
              <ChannelFunction Attribute="TungstenEffect" DMXFrom="170/1" Default="180/1" Name="TungstenEffect" OriginalAttribute="" PhysicalFrom="0.000000" PhysicalTo="0.000000" RealAcceleration="0.000000" RealFade="0.000000">
                <ChannelSet DMXFrom="170/1" Name="Tungsten effect simulation 750W" WheelSlotIndex="0"/>
                <ChannelSet DMXFrom="172/1" Name="Tungsten effect simulation 1000W" WheelSlotIndex="0"/>
                <ChannelSet DMXFrom="174/1" Name="Tungsten effect simulation 1200W" WheelSlotIndex="0"/>
                <ChannelSet DMXFrom="176/1" Name="Tungsten effect simulation 2000W" WheelSlotIndex="0"/>
                <ChannelSet DMXFrom="178/1" Name="Tungsten effect simulation 2500W" WheelSlotIndex="0"/>
                <ChannelSet DMXFrom="180/1" Name="Tungsten effect simulation Off" WheelSlotIndex="0"/>
              </ChannelFunction>
              <ChannelFunction Attribute="NoFeature" DMXFrom="182/1" Default="182/1" Name="Reserved 3" OriginalAttribute="" PhysicalFrom="0.000000" PhysicalTo="1.000000" RealAcceleration="0.000000" RealFade="0.000000"/>
              <ChannelFunction Attribute="LEDFrequency" DMXFrom="185/1" Default="185/1" Name="LEDFrequency" OriginalAttribute="" PhysicalFrom="0.000000" PhysicalTo="1.000000" RealAcceleration="0.000000" RealFade="0.000000">
                <ChannelSet DMXFrom="185/1" Name="PWM output frequency of LEDs: Standard (300Hz)" WheelSlotIndex="0"/>
                <ChannelSet DMXFrom="186/1" Name="PWM output frequency of LEDs: High (600Hz)" WheelSlotIndex="0"/>
              </ChannelFunction>
